100
320 741
517 876
9 122
65 485
1 2
667 915
1 5
7 9
4 109
213 789
4 4
149 206
231 920
771 989
483 584
121 302
7 65
8 65
9 742
1 1000
303 485
673 897
312 517
292 860
180 460
602 681
159 547
67 100
92 912
8 109
10 120
730 789
1 6
28 165
121 584
834 976
3 5
1 1
1 10
352 593
4 10
3 302
65 484
21 302
7 10
1 9
121 484
3 6
1 742
3 65
120 485
65 221
218 427
384 485
1 4
216 539
425 911
874 996
100 1000
120 121
418 892
484 484
319 648
497 893
7 484
211 287
122 1000
1 485
1 302
8 121
632 638
121 485
9 65
1 101
59 915
9 221
1 104
120 302
1 221
113 123
38 909
621 882
1 484
21 122
484 485
267 520
47 917
3 4
21 484
1 121
21 221
4 65
228 240
3 9
8 122
7 221
1 122
3 104
110 842
122 483
