100
268 501
213 256
237 580
1 128
9 64
1 32
1 2
1 32
5 256
1 16
753 811
1 2
1 2
131 512
3 128
13 256
7 16
1 128
472 619
1 32
1 32
1 8
61 64
29 173
332 919
15 32
5 32
138 833
5 64
1 32
1 64
1 2
3 256
1 8
3 16
3 4
3 32
6 97
1 32
17 64
1 2
37 128
1 4
3 8
266 943
33 496
1 8
13 16
7 16
241 433
19 128
21 32
113 654
61 256
123 128
3 64
425 678
1 8
1 128
1 128
1 32
29 32
44 45
1 512
7 64
392 723
1 8
3 8
11 64
17 128
3 128
21 32
1 16
95 256
1 128
34 297
7 32
37 58
55 256
1 256
1 64
91 256
9 256
245 451
51 128
481 710
7 16
3 16
7 128
1 4
823 960
5 8
1 32
11 32
3 8
1 2
1 16
1 16
99 512
1 64
