100
5 4 4
455 493 84
513 513 257
4 3 3
269 370 333
4 4 4
156 112 247
616 510 353
436 409 932
513 513 512
875 565 312
178 305 84
950 712 820
609 827 562
207 11 8
4 3 3
425 424 422
391 251 17
3 3 1
813 24 5
781 801 969
512 512 1
243 816 565
956 700 199
256 862 132
1 1 1000
1 1 1
1 3 1
3 3 1
773 41 27
797 658 259
270 525 102
1000 1000 1
80 189 944
512 512 513
579 949 267
3 2 1
512 512 257
518 153 85
6 1000 1
5 5 4
217 228 133
45 56 35
3 4 2
2 4 4
513 513 256
249 290 508
4 5 2
1 2 1
142 246 23
980 255 26
36 286 471
847 925 541
941 451 514
513 513 1
153 953 26
952 96 8
7 8 5
495 870 43
924 618 546
602 908 710
3 3 5
183 119 464
816 772 366
1 1 3
513 513 2
77 492 164
81 66 192
734 150 249
715 509 907
803 943 97
1 1 1
5 5 5
962 67 1
295 743 104
50 274 28
42 760 33
3 2 2
579 548 575
3 4 4
5 4 3
455 661 552
491 135 952
13 368 4
1 4 4
289 181 142
283 626 897
903 104 4
103 143 88
512 512 256
206 335 18
895 876 883
403 137 88
1 2 1
558 47 22
59 147 81
430 990 938
512 512 2
123 603 808
897 568 669
