25
39 127
15 15 11 8 1 15 2 7 15 8 2 5 9 16 10 8 15 16 16 3 14 9 13 3 10 16 15 2 2 14 8 16 2 9 14 2 14 15 8
12 1 17
5 2 1 13
1 2 11 16
16 1 8
13 2 7 16
16 2 13 9
16 7 13 3 16 17 9 15 8
3 2 3 7
14 2 4 13
15 3 9 10 11
10 3 3 3 15
7 1 8
2 1 14
1 1 8
10 2 7 15
13 3 17 15 14
1 0
9 2 3 14
10 1 10
2 2 13 14
10 1 14
14 2 3 5
17 2 5 8
8 1 16
15 1 14
17 3 7 4 4
4 2 10 12
16 5 14 16 3 7 13
13 6 5 6 6 13 2 9
9 1 13
14 1 10
7 3 10 11 8
4 1 1
14 4 2 1 5 8
14 2 10 14
7 0
4 1 4
12 2 8 7
1 2 1 11
17 0
17 3 11 5 9
10 1 10
14 3 15 7 5
10 2 14 3
1 2 15 7
7 0
5 2 12 12
2 1 10
15 1 9
14 6 10 7 6 6 6 16
3 0
15 1 17
1 2 6 11
3 0
5 2 2 7
15 2 9 3
2 2 1 3
16 0
4 4 13 7 7 12
5 1 11
7 0
8 1 10
12 2 7 13
1 1 9
13 4 6 17 13 4
16 4 10 10 7 8
7 1 16
16 3 1 17 5
10 1 6
7 4 13 9 2 12
6 2 13 10
10 2 12 17
16 2 8 12
2 0
2 2 15 11
17 2 2 9
16 4 17 12 10 7
6 1 7
1 3 8 11 6
4 4 9 10 16 10
10 2 12 13
11 5 8 3 8 5 2
1 3 1 14 7
10 0
4 1 2
5 3 3 17 1
15 4 5 4 15 16
13 2 7 15
11 1 4
9 3 13 12 4
1 1 4
8 2 11 2
16 0
12 3 16 14 3
8 2 1 16
11 1 11
1 1 9
15 1 13
17 2 9 8
10 3 10 10 6
4 3 4 16 14
5 2 10 10
10 2 16 10
3 3 2 1 3
15 4 7 6 14 13
2 2 5 15
10 4 6 2 11 5
13 2 17 1
15 0
1 1 3
17 1 11
7 3 6 8 9
11 3 13 5 15
17 3 11 4 10
7 4 13 5 7 1
15 1 1
13 4 12 6 6 8
12 1 11
10 2 6 4
14 0
3 4 4 16 16 12
10 0
5 2 3 11
10 3 13 16 8
12 3 5 10 12
12 1 12
3 5 8 3 6 10 7
58 200
21 22 11 2 25 19 31 27 1 16 30 7 12 23 25 24 15 9 6 25 28 3 6 8 22 31 29 13 6 26 5 24 14 16 26 8 1 23 1 30 5 28 5 14 18 27 7 1 4 10 23 29 12 28 5 2 25 3
13 2 12 11
28 0
28 2 12 7
15 2 24 9
21 3 11 17 29
8 3 11 13 19
30 2 21 16
13 1 2
15 1 30
28 4 18 29 13 31
2 3 6 7 14
15 1 8
26 3 25 17 18
7 1 27
10 3 21 31 8
28 4 7 25 15 30
18 2 2 22
27 2 9 25
23 3 5 5 28
24 1 26
25 2 6 9
24 2 1 17
31 1 29
16 2 30 8
21 0
11 2 17 5
11 2 5 9
26 5 26 2 18 11 2
11 2 16 17
4 0
26 4 26 25 23 30
21 1 16
1 2 29 3
20 0
4 0
19 2 22 7
27 1 14
3 0
31 0
9 0
28 0
1 0
21 4 17 24 31 24
21 3 17 8 6
5 3 11 22 11
30 1 7
17 1 4
21 1 30
23 1 18
7 0
13 2 30 23
16 2 22 3
30 2 2 3
11 1 5
1 1 6
20 1 3
19 2 9 17
9 2 11 31
12 2 23 19
29 0
10 5 6 17 27 9 4
4 1 18
18 1 8
10 3 23 18 8
23 1 23
20 2 2 4
26 2 17 25
16 2 7 6
20 3 17 31 25
25 3 22 19 26
22 0
16 5 15 3 19 7 15
24 2 20 4
12 6 14 15 8 16 22 24
5 2 31 31
26 2 30 2
10 0
20 1 19
15 2 29 19
2 2 22 9
26 2 31 21
26 1 25
17 1 16
24 3 26 29 27
5 1 24
15 1 13
10 0
23 1 13
21 1 28
19 2 13 31
19 2 9 3
31 3 9 26 26
22 3 13 15 20
3 1 21
7 2 13 8
11 2 20 15
22 2 20 7
2 2 15 12
25 3 19 8 27
10 1 6
24 0
15 2 17 6
26 1 24
14 1 31
26 1 28
28 2 1 22
9 0
3 3 10 23 24
16 3 5 24 11
23 2 17 7
2 2 1 14
8 0
15 0
18 3 24 2 12
1 2 1 12
19 1 10
31 4 26 25 29 3
8 3 5 11 10
9 1 10
18 1 28
27 1 9
27 1 5
17 4 21 26 23 16
17 1 10
27 0
22 3 10 10 22
26 0
18 5 6 7 22 24 21
23 1 12
19 1 26
25 0
13 2 24 16
2 1 14
17 1 21
27 3 1 30 21
28 2 16 4
14 2 28 31
4 0
30 2 5 9
27 1 7
24 2 26 25
31 1 7
4 2 6 12
8 3 31 14 26
15 1 23
2 2 27 31
26 3 30 7 29
12 0
7 1 12
1 1 27
30 2 15 18
2 0
27 0
13 2 25 18
17 2 4 17
21 2 12 1
3 1 21
11 2 10 31
7 2 19 30
23 1 29
29 3 5 22 14
29 3 8 26 16
5 0
30 3 19 2 6
15 2 5 15
31 1 6
24 4 25 16 30 28
26 0
3 3 22 15 25
20 3 27 13 5
19 1 30
24 2 18 30
19 2 13 26
22 3 31 26 14
31 3 26 28 24
1 1 6
21 2 4 29
24 1 30
10 2 1 3
28 1 8
24 0
6 0
27 1 6
18 2 8 17
19 3 29 16 4
12 3 26 5 10
7 1 24
19 1 12
22 2 24 22
11 1 7
11 1 7
19 0
8 1 30
15 1 28
16 6 14 14 21 5 29 23
20 0
14 0
8 2 15 10
14 3 27 13 4
14 2 7 9
3 200
166 180 121
150 2 1 15
146 3 114 150 89
29 3 26 146 113
15 2 110 29
133 1 15
81 1 133
56 3 24 81 84
197 1 56
105 2 150 197
125 3 166 15 105
12 2 96 125
5 1 12
4 3 86 5 55
76 2 52 4
1 1 76
79 2 134 1
48 2 140 79
46 3 68 48 116
188 4 70 83 46 23
54 1 188
194 2 1 54
71 3 177 194 193
31 2 166 71
26 3 127 122 31
58 2 2 26
184 1 58
132 2 173 184
170 4 102 132 101 135
87 2 113 170
200 1 87
21 1 200
103 3 45 46 21
124 1 103
38 1 124
44 2 181 38
158 2 118 44
152 2 98 158
144 1 152
89 1 144
154 1 89
191 1 154
34 3 32 19 191
163 1 34
25 2 41 163
198 1 25
8 1 198
88 2 151 8
130 3 52 88 47
195 3 114 130 167
149 2 41 195
148 2 174 149
141 1 148
187 3 76 144 141
193 1 187
98 1 193
174 2 86 98
78 2 31 174
35 2 112 78
111 2 61 35
177 2 190 111
135 2 188 177
178 1 135
67 2 75 178
196 1 67
32 1 196
68 3 155 32 184
175 3 126 20 68
100 2 83 175
82 3 63 100 104
183 3 138 82 37
42 1 183
115 3 38 42 185
189 2 142 115
64 1 189
140 2 24 64
33 3 45 14 140
61 2 91 33
138 1 61
77 1 138
104 4 151 18 77 143
137 2 84 104
139 1 137
11 1 139
121 3 110 11 174
7 3 135 82 121
9 1 7
142 1 9
53 2 113 142
93 5 25 53 103 135 100
173 3 108 93 136
85 5 30 126 80 155 173
134 3 29 107 85
41 2 54 134
176 1 41
166 1 176
122 2 156 166
151 1 122
114 1 151
136 1 114
62 2 10 136
108 2 67 62
160 2 1 108
185 3 158 119 160
120 1 185
181 4 2 100 120 117
119 5 145 13 45 74 181
55 1 119
73 2 4 55
14 1 73
131 3 13 84 14
179 1 131
37 4 118 179 169 124
17 1 37
18 2 97 17
16 4 139 18 38 44
172 2 116 16
126 2 95 172
3 3 162 76 126
167 1 3
162 3 109 8 167
6 1 162
92 2 109 6
147 1 92
117 1 147
63 2 33 117
116 2 157 63
28 1 116
102 1 28
80 1 102
186 4 90 131 35 80
49 4 40 182 186 160
72 2 125 49
40 4 165 85 56 72
97 1 40
70 1 97
84 2 130 70
83 2 114 84
30 2 116 83
36 3 159 30 128
52 2 48 36
45 2 90 52
164 3 94 45 127
113 3 112 164 23
169 2 177 113
106 1 169
123 2 60 106
22 1 123
51 3 29 22 73
157 1 51
60 2 161 157
101 4 182 4 60 24
156 2 75 101
65 1 156
57 1 65
69 3 151 57 77
112 1 69
118 2 121 112
59 1 118
171 3 129 143 59
109 2 116 171
19 1 109
110 2 81 19
199 2 86 110
39 3 86 55 199
107 2 20 39
94 1 107
47 2 9 94
159 3 54 155 47
2 1 159
24 2 66 2
27 1 24
129 2 56 27
43 1 129
145 2 193 43
99 3 191 145 50
91 2 158 99
192 2 26 91
95 1 192
66 2 189 95
190 1 66
168 2 117 190
13 3 143 122 168
155 1 13
20 2 155 155
90 2 4 20
74 3 60 64 90
86 3 197 74 72
128 3 177 85 86
165 2 32 128
10 1 165
182 2 102 10
50 2 69 182
96 1 50
153 2 189 96
143 1 153
75 1 143
23 1 75
161 3 158 23 50
127 1 161
180 1 127
1 199
29
29 3 97 35 17
1 2 63 51
7 2 23 35
16 2 85 57
41 1 63
27 0
76 2 65 47
38 1 57
91 0
103 0
5 0
61 3 65 63 17
89 0
79 2 63 97
46 1 65
98 3 65 63 97
21 3 107 65 107
84 0
44 0
11 2 102 63
24 1 47
73 1 102
56 1 35
3 1 51
19 0
105 2 102 51
33 2 65 22
111 1 57
13 4 63 23 63 17
108 0
92 1 65
86 1 23
40 3 97 97 23
67 2 47 65
15 0
26 0
50 1 107
59 1 22
8 2 23 17
18 2 65 102
82 0
6 2 65 102
37 1 47
52 0
39 2 107 63
12 1 22
25 2 85 63
20 0
72 3 107 85 23
76 2 38 34
38 2 91 58
23 3 85 107 22
63 0
60 2 86 51
97 2 47 63
42 2 98 51
4 1 21
35 1 102
22 1 17
63 0
47 2 17 57
12 4 25 88 85 47
110 3 37 97 65
17 2 17 85
47 1 35
25 3 20 9 35
46 3 98 48 51
40 6 67 54 51 47 22 65
23 1 17
109 4 56 63 85 85
84 3 44 75 57
105 6 33 95 22 17 23 97
35 0
51 0
22 0
98 4 21 42 23 35
104 1 61
35 2 35 102
47 4 22 22 85 85
103 2 5 106
63 1 97
43 3 39 47 85
94 2 13 85
3 4 19 81 51 51
35 1 57
67 6 15 71 17 17 17 17
37 3 52 110 97
49 1 20
77 2 52 107
102 0
23 1 107
51 0
68 4 111 22 102 35
63 1 47
16 4 41 14 102 23
85 5 97 65 102 51 17
57 0
59 3 8 32 102
33 2 111 100
86 4 40 60 51 65
87 2 15 47
47 2 63 17
13 3 108 94 35
28 3 1 51 85
69 3 26 17 65
41 2 27 31
65 2 57 57
79 2 46 55
63 3 23 17 63
57 1 97
64 1 29
36 1 89
81 2 3 102
80 3 27 97 35
30 2 91 22
21 5 84 4 65 22 102
66 1 11
15 3 26 87 107
97 0
63 1 65
58 1 38
17 3 57 102 57
48 2 46 107
106 4 103 65 47 65
5 2 61 90
45 3 8 102 47
20 2 72 49
78 2 92 17
111 2 13 68
51 2 23 107
108 3 92 62 22
51 0
83 1 82
9 3 25 23 51
27 2 76 80
24 3 73 96 102
19 2 105 53
100 6 33 35 47 23 85 97
32 1 59
101 2 50 65
39 3 12 43 17
74 2 73 47
85 2 63 35
23 2 35 22
85 2 97 107
34 1 76
99 1 44
62 1 108
10 2 72 102
97 1 17
50 3 59 101 51
23 1 102
107 2 107 63
26 3 50 69 35
82 4 6 83 85 102
75 2 84 102
85 0
52 4 39 77 57 107
23 3 17 47 35
88 4 12 47 35 51
14 1 16
92 3 86 78 51
55 1 79
54 2 40 63
72 3 10 85 35
47 1 107
29 4 1 64 47 35
85 4 17 107 63 97
93 2 18 35
107 1 22
11 4 24 66 17 57
57 0
18 2 82 93
89 3 79 36 102
22 0
8 4 18 45 85 47
73 2 56 74
95 1 105
31 5 41 35 63 107 65
7 5 16 70 51 65 65
91 4 103 30 85 107
2 3 6 23 35
51 1 63
61 3 89 104 17
90 2 5 47
47 0
1 2 7 28
70 1 7
35 3 57 22 47
107 1 35
44 5 11 99 85 17 23
71 2 67 35
51 2 23 57
63 0
53 5 19 63 51 97 47
6 3 37 2 63
96 1 24
56 3 3 109 17
65 0
3 200
9 20 30
5 5 4 15 10 5 16
26 2 26 27
30 3 16 22 12
11 1 5
25 0
8 3 22 19 8
2 2 6 24
26 3 5 29 27
24 2 7 26
14 2 9 12
25 2 5 9
18 3 26 7 13
17 1 6
14 2 16 5
5 1 19
20 1 14
8 2 7 17
8 3 15 25 11
3 3 24 8 27
13 3 21 12 10
22 1 18
2 1 4
11 2 1 29
20 1 12
15 2 22 23
18 5 15 10 7 22 9
13 2 1 27
10 4 10 21 12 30
10 0
28 2 18 14
18 0
6 1 8
15 4 7 14 30 14
17 0
17 0
1 3 4 21 29
16 1 1
10 0
27 2 28 3
1 1 24
15 4 8 20 9 30
21 0
18 2 9 27
2 3 12 6 17
26 0
15 1 24
13 0
3 1 8
22 1 16
15 5 17 25 4 12 17
7 1 26
5 0
16 2 29 18
9 3 2 20 8
16 2 17 2
30 5 5 18 19 30 9
26 3 22 28 8
29 2 29 23
1 4 30 23 17 16
28 5 2 9 26 10 27
26 4 22 27 12 8
11 3 26 4 9
3 0
10 1 1
19 1 30
11 0
2 2 28 28
5 2 26 12
21 4 2 14 29 19
28 3 3 28 14
5 6 25 5 3 15 7 7
27 2 15 29
19 5 16 6 11 22 22
15 2 12 19
28 2 2 26
6 2 19 16
29 3 9 19 18
2 2 2 17
1 4 27 22 21 20
20 3 15 9 4
9 3 18 28 19
7 1 10
25 0
24 1 26
16 3 10 18 24
10 4 19 5 11 9
16 0
3 2 26 26
30 4 6 10 11 21
8 2 14 4
30 2 29 24
17 2 28 2
18 1 25
3 2 15 3
18 3 14 14 26
7 3 7 23 13
13 0
20 3 23 11 15
3 3 13 20 19
25 0
17 1 27
7 4 12 16 6 28
22 1 6
27 5 11 26 6 22 4
13 4 24 23 8 3
11 2 22 18
3 1 22
11 0
5 0
25 1 7
23 1 21
13 4 24 30 30 26
1 1 23
9 1 13
6 1 19
8 0
18 3 27 4 10
13 0
11 1 22
10 2 24 17
21 1 25
10 2 14 1
26 0
30 3 29 7 23
4 3 10 4 16
14 2 17 19
28 2 12 5
9 2 1 5
25 1 27
30 2 10 26
25 4 9 14 10 13
11 5 2 22 14 8 26
29 2 9 23
16 4 22 29 5 17
8 0
11 1 6
19 1 8
2 2 6 21
14 0
23 3 13 25 11
26 0
6 1 11
5 4 16 3 7 18
18 4 30 17 23 21
14 5 20 10 2 21 7
2 1 9
26 4 23 16 17 6
23 3 29 19 20
7 2 9 24
28 3 22 11 23
2 0
19 2 27 6
29 3 16 18 11
20 0
18 1 29
3 2 11 3
3 3 22 16 13
8 2 15 5
11 1 8
27 2 23 14
7 1 10
27 3 29 16 28
29 2 16 27
5 2 11 24
13 0
28 1 8
8 5 3 25 29 21 3
23 4 28 9 20 17
29 1 28
21 4 18 25 2 7
15 2 10 14
16 0
26 2 23 19
11 5 15 13 16 26 23
4 2 19 17
1 2 17 23
4 0
21 0
23 1 11
10 4 17 23 11 6
18 0
25 1 23
28 3 5 23 7
16 2 15 15
14 2 8 19
8 0
10 1 12
8 1 1
15 1 17
12 2 28 18
26 2 25 20
13 2 10 21
9 1 12
24 3 23 10 23
10 1 27
21 4 10 7 19 11
22 0
17 1 5
5 1 8
12 2 3 15
8 20
24 11 26 27 35 10 19 40
18 10 4 46 13 38 9 13 21 21 31 21
36 12 13 3 23 5 10 17 40 31 46 11 44 38
30 5 37 17 36 45 23
8 10 30 31 8 43 6 23 32 9 37 42
26 17 10 10 47 32 9 31 45 19 44 29 33 31 37 27 34 50 34
43 7 12 26 3 1 24 28 2
2 10 20 34 8 31 31 19 5 12 1 18
4 12 32 36 32 14 27 16 14 30 37 47 47 20
24 5 23 41 19 5 40
18 15 50 5 32 12 5 32 32 28 3 43 34 23 6 2 28
45 16 46 35 45 50 49 29 26 25 36 7 35 3 19 24 14 50
24 7 10 32 49 10 31 5 37
39 9 11 6 40 41 7 29 26 11 46
47 12 48 17 7 47 32 44 32 32 43 9 44 26
43 9 17 19 16 31 16 1 6 14 9
16 18 1 4 33 45 35 41 4 37 45 2 7 2 34 28 38 25 18 3
5 11 33 30 16 35 31 17 2 32 32 28 6
41 8 23 32 27 28 45 3 17 30
11 15 22 32 3 27 23 7 12 4 21 22 26 3 7 23 37
34 10 9 2 41 40 4 43 34 20 18 26
3 107
2 3 2
2 0
4 1 3
4 5 3 3 3 3 4
4 2 4 2
1 2 3 5
4 2 2 2
5 0
3 1 2
2 1 4
2 1 5
5 0
3 2 4 1
4 3 3 5 4
4 1 1
4 1 4
4 1 3
1 1 5
4 1 1
5 1 2
3 1 1
4 1 2
4 1 4
4 2 2 2
1 4 3 2 5 3
4 2 2 2
5 0
2 4 3 1 4 5
5 3 3 5 3
4 2 2 1
3 0
3 1 4
5 2 1 4
3 0
2 2 3 5
5 2 5 4
5 0
2 1 3
4 1 5
3 1 1
5 3 4 2 2
3 0
4 2 3 3
2 3 3 4 2
1 1 3
4 0
5 0
1 1 1
5 1 4
5 1 4
1 0
2 2 2 4
4 4 5 2 2 2
1 4 5 4 4 3
2 2 2 3
1 1 2
1 3 4 5 4
1 1 3
2 2 3 1
5 5 4 5 3 2 4
4 2 3 3
1 1 5
3 1 3
5 0
3 0
1 2 5 3
5 2 1 4
2 2 2 3
2 0
5 3 3 3 3
1 1 5
1 1 3
2 2 2 3
2 3 3 1 5
2 1 3
4 0
2 1 2
3 3 2 3 3
5 1 1
1 3 5 5 2
2 3 2 5 4
2 1 5
4 1 4
2 3 3 1 5
2 1 4
3 0
2 0
5 3 5 3 3
3 4 5 5 2 3
5 1 3
4 0
4 1 1
5 2 1 3
3 2 1 3
3 1 3
4 1 3
5 3 5 3 1
4 0
1 1 1
1 1 2
1 4 1 1 3 2
3 2 1 5
3 0
2 0
4 0
1 1 2
3 1 3
1 1 2
1 200
172
126 1 118
37 2 148 126
58 1 37
88 1 58
83 1 88
182 1 83
30 1 182
25 1 30
24 1 25
98 1 24
20 1 98
143 1 20
118 1 143
157 1 118
35 1 157
104 1 35
34 1 104
147 1 34
149 1 147
151 1 149
74 1 151
19 1 74
173 1 19
174 1 173
159 1 174
112 1 159
152 1 112
164 1 152
36 1 164
122 1 36
132 1 122
135 1 132
186 1 135
177 1 186
181 1 177
87 1 181
140 2 126 87
52 1 140
54 1 52
114 1 54
131 1 114
85 1 131
81 1 85
33 1 81
129 1 33
168 1 129
169 1 168
9 1 169
142 1 9
45 1 142
156 1 45
183 1 156
49 1 183
192 1 49
60 1 192
116 1 60
55 1 116
40 1 55
80 1 40
101 1 80
57 1 101
86 1 57
27 1 86
90 1 27
16 1 90
188 1 16
4 1 188
5 1 4
97 1 5
14 1 97
105 1 14
32 1 105
148 1 32
15 1 148
133 1 15
99 1 133
92 1 99
39 1 92
167 1 39
6 1 167
76 1 6
137 1 76
195 1 137
82 1 195
196 1 82
193 1 196
120 1 193
26 1 120
17 1 26
84 1 17
191 1 84
59 1 191
56 1 59
21 1 56
185 1 21
136 1 185
78 1 136
161 1 78
123 1 161
3 1 123
176 1 3
130 1 176
12 1 130
28 1 12
70 1 28
2 1 70
22 1 2
44 1 22
106 2 3 44
8 1 106
121 1 8
109 1 121
31 1 109
198 1 31
113 1 198
48 1 113
66 1 48
115 1 66
189 1 115
41 1 189
67 1 41
69 1 67
162 1 69
103 1 162
134 1 103
62 1 134
79 1 62
43 1 79
53 1 43
7 2 24 53
175 1 7
96 1 175
72 1 96
23 1 72
138 1 23
91 1 138
11 1 91
47 1 11
146 1 47
166 1 146
51 1 166
100 1 51
64 1 100
10 1 64
117 1 10
95 1 117
93 1 95
150 1 93
102 1 150
171 1 102
71 1 171
107 1 71
163 1 107
124 1 163
65 1 124
46 1 65
200 1 46
75 1 200
194 1 75
89 1 194
184 1 89
63 1 184
197 1 63
119 1 197
153 1 119
158 1 153
145 1 158
29 1 145
154 1 29
94 1 154
1 1 94
139 1 1
144 1 139
13 1 144
125 1 13
165 1 125
42 1 165
178 1 42
155 1 178
199 1 155
68 1 199
77 1 68
170 1 77
128 1 170
73 1 128
141 1 73
38 1 141
61 1 38
160 1 61
190 1 160
111 1 190
50 1 111
108 1 50
179 1 108
127 1 179
18 1 127
110 1 18
187 1 110
180 1 187
172 1 180
400 200
5 5 5 5 5 5 5 5 5 5 5 5 5 5 5 5 5 5 5 5 5 5 5 5 5 5 5 5 5 5 5 5 5 5 5 5 5 5 5 5 5 5 5 5 5 5 5 5 5 5 5 5 5 5 5 5 5 5 5 5 5 5 5 5 5 5 5 5 5 5 5 5 5 5 5 5 5 5 5 5 5 5 5 5 5 5 5 5 5 5 5 5 5 5 5 5 5 5 5 5 5 5 5 5 5 5 5 5 5 5 5 5 5 5 5 5 5 5 5 5 5 5 5 5 5 5 5 5 5 5 5 5 5 5 5 5 5 5 5 5 5 5 5 5 5 5 5 5 5 5 5 5 5 5 5 5 5 5 5 5 5 5 5 5 5 5 5 5 5 5 5 5 5 5 5 5 5 5 5 5 5 5 5 5 5 5 5 5 5 5 5 5 5 5 5 5 5 5 5 5 5 5 5 5 5 5 5 5 5 5 5 5 5 5 5 5 5 5 5 5 5 5 5 5 5 5 5 5 5 5 5 5 5 5 5 5 5 5 5 5 5 5 5 5 5 5 5 5 5 5 5 5 5 5 5 5 5 5 5 5 5 5 5 5 5 5 5 5 5 5 5 5 5 5 5 5 5 5 5 5 5 5 5 5 5 5 5 5 5 5 5 5 5 5 5 5 5 5 5 5 5 5 5 5 5 5 5 5 5 5 5 5 5 5 5 5 5 5 5 5 5 5 5 5 5 5 5 5 5 5 5 5 5 5 5 5 5 5 5 5 5 5 5 5 5 5 5 5 5 5 5 5 5 5 5 5 5 5 5 5 5 5 5 5 5 5 5 5 5 5 5 5 5 5 5 5 5 5 5 5 5 5 5 5 5 5 5 5 5 5 5 5 5 5 5 5 5 5 5 5
5 0
5 0
5 0
5 0
5 0
5 0
5 0
5 0
5 0
5 0
5 0
5 0
5 0
5 0
5 0
5 0
5 0
5 0
5 0
5 0
5 0
5 0
5 0
5 0
5 0
5 0
5 0
5 0
5 0
5 0
5 0
5 0
5 0
5 0
5 0
5 0
5 0
5 0
5 0
5 0
5 0
5 0
5 0
5 0
5 0
5 0
5 0
5 0
5 0
5 0
5 0
5 0
5 0
5 0
5 0
5 0
5 0
5 0
5 0
5 0
5 0
5 0
5 0
5 0
5 0
5 0
5 0
5 0
5 0
5 0
5 0
5 0
5 0
5 0
5 0
5 0
5 0
5 0
5 0
5 0
5 0
5 0
5 0
5 0
5 0
5 0
5 0
5 0
5 0
5 0
5 0
5 0
5 0
5 0
5 0
5 0
5 0
5 0
5 0
5 0
5 0
5 0
5 0
5 0
5 0
5 0
5 0
5 0
5 0
5 0
5 0
5 0
5 0
5 0
5 0
5 0
5 0
5 0
5 0
5 0
5 0
5 0
5 0
5 0
5 0
5 0
5 0
5 0
5 0
5 0
5 0
5 0
5 0
5 0
5 0
5 0
5 0
5 0
5 0
5 0
5 0
5 0
5 0
5 0
5 0
5 0
5 0
5 0
5 0
5 0
5 0
5 0
5 0
5 0
5 0
5 0
5 0
5 0
5 0
5 0
5 0
5 0
5 0
5 0
5 0
5 0
5 0
5 0
5 0
5 0
5 0
5 0
5 0
5 0
5 0
5 0
5 0
5 0
5 0
5 0
5 0
5 0
5 0
5 0
5 0
5 0
5 0
5 0
5 0
5 0
5 0
5 0
5 0
5 0
5 0
5 0
5 0
5 0
5 0
5 0
1 200
200
200 1 200
200 1 200
200 1 200
200 1 200
200 1 200
200 1 200
200 1 200
200 1 200
200 1 200
200 1 200
200 1 200
200 1 200
200 1 200
200 1 200
200 1 200
200 1 200
200 1 200
200 1 200
200 1 200
200 1 200
200 1 200
200 1 200
200 1 200
200 1 200
200 1 200
200 1 200
200 1 200
200 1 200
200 1 200
200 1 200
200 1 200
200 1 200
200 1 200
200 1 200
200 1 200
200 1 200
200 1 200
200 1 200
200 1 200
200 1 200
200 1 200
200 1 200
200 1 200
200 1 200
200 1 200
200 1 200
200 1 200
200 1 200
200 1 200
200 1 200
200 1 200
200 1 200
200 1 200
200 1 200
200 1 200
200 1 200
200 1 200
200 1 200
200 1 200
200 1 200
200 1 200
200 1 200
200 2 200 200
200 1 200
200 1 200
200 1 200
200 1 200
200 1 200
200 1 200
200 1 200
200 1 200
200 1 200
200 1 200
200 1 200
200 1 200
200 1 200
200 1 200
200 1 200
200 1 200
200 1 200
200 1 200
200 1 200
200 1 200
200 1 200
200 1 200
200 1 200
200 1 200
200 1 200
200 1 200
200 1 200
200 1 200
200 1 200
200 1 200
200 1 200
200 1 200
200 1 200
200 1 200
200 1 200
200 1 200
200 1 200
200 1 200
200 1 200
200 1 200
200 1 200
200 1 200
200 1 200
200 1 200
200 1 200
200 1 200
200 1 200
200 1 200
200 1 200
200 1 200
200 1 200
200 1 200
200 1 200
200 0
200 1 200
200 1 200
200 1 200
200 1 200
200 1 200
200 1 200
200 1 200
200 1 200
200 1 200
200 1 200
200 1 200
200 1 200
200 1 200
200 1 200
200 1 200
200 1 200
200 1 200
200 1 200
200 1 200
200 1 200
200 1 200
200 1 200
200 1 200
200 1 200
200 1 200
200 1 200
200 1 200
200 1 200
200 1 200
200 1 200
200 1 200
200 1 200
200 1 200
200 1 200
200 1 200
200 1 200
200 1 200
200 1 200
200 1 200
200 1 200
200 1 200
200 1 200
200 1 200
200 1 200
200 1 200
200 1 200
200 1 200
200 1 200
200 1 200
200 1 200
200 1 200
200 1 200
200 1 200
200 1 200
200 1 200
200 1 200
200 1 200
200 1 200
200 1 200
200 1 200
200 1 200
200 1 200
200 1 200
200 1 200
200 1 200
200 1 200
200 1 200
200 1 200
200 1 200
200 1 200
200 1 200
200 1 200
200 1 200
200 1 200
200 1 200
200 1 200
200 1 200
200 1 200
200 1 200
200 1 200
200 1 200
200 1 200
200 1 200
3 63
1 4 2
2 1 3
3 2 4 3
2 2 3 3
3 0
2 0
2 0
3 0
4 2 4 2
1 1 2
1 1 3
4 0
3 0
2 1 3
2 1 3
2 2 3 2
4 0
2 4 3 4 2 3
2 1 4
1 3 4 3 1
1 3 2 1 1
4 1 3
2 1 2
4 3 2 2 4
1 1 4
1 2 2 1
1 0
4 5 4 3 4 4 2
2 4 4 1 4 3
3 1 4
2 2 4 2
2 1 2
4 3 3 4 1
4 4 4 3 3 4
3 1 4
2 2 3 3
1 0
1 1 1
4 3 4 4 3
4 2 1 1
1 0
4 1 4
3 2 3 4
4 1 2
1 2 2 4
4 1 3
1 1 4
1 4 2 4 1 1
1 0
2 1 1
1 1 2
2 2 4 3
1 3 1 1 4
2 2 1 3
1 2 1 2
1 2 1 2
2 0
1 1 2
1 2 3 3
3 1 2
3 1 4
2 2 1 4
4 0
2 1 1
18 127
7 24 29 30 4 14 5 29 12 27 30 11 3 31 11 7 31 23
29 3 9 27 2
13 7 12 29 6 13 26 27 8
1 2 24 20
2 6 8 27 12 16 22 19
31 4 16 12 14 22
4 2 7 30
1 4 6 14 6 24
26 4 16 20 22 18
9 3 7 5 22
19 3 30 24 14
13 2 29 27
7 4 8 18 11 28
10 2 29 3
19 4 29 26 18 10
28 5 27 2 22 13 11
5 4 9 17 23 15
15 3 23 30 11
29 3 24 3 5
18 4 15 28 6 1
18 5 14 28 19 28 3
26 2 25 23
27 2 5 23
11 2 29 10
24 2 25 3
4 5 24 28 15 29 9
11 1 4
22 0
15 4 13 8 25 31
15 3 30 6 7
19 1 16
4 4 30 20 6 19
12 2 25 21
31 3 7 31 6
2 2 4 25
12 5 1 25 12 8 4
28 3 22 19 4
3 3 28 4 15
10 3 18 20 21
20 0
9 4 23 30 21 2
28 3 24 19 5
2 5 21 12 27 23 11
13 0
4 2 10 28
18 5 23 28 28 1 23
10 1 22
8 2 7 6
2 3 22 25 13
5 2 22 29
24 4 25 30 16 11
17 3 5 24 31
31 4 28 13 31 5
19 4 28 2 16 14
27 3 16 10 5
21 4 18 19 6 18
21 4 9 23 13 28
7 5 6 1 5 25 23
9 3 17 3 1
4 0
19 7 2 5 15 20 8 6 18
27 2 2 9
5 6 4 15 6 13 8 15
31 2 30 30
24 4 14 10 30 17
6 4 16 18 7 9
11 6 22 19 18 22 10 17
20 1 25
9 1 23
20 3 17 18 15
9 5 12 1 17 9 26
17 3 27 30 18
14 6 29 14 2 5 24 23
10 2 30 9
30 3 19 17 30
18 8 20 14 27 12 8 11 2 12
25 2 25 16
6 0
23 4 4 4 13 23
24 3 10 23 27
10 5 11 16 18 27 20
15 2 18 12
9 3 29 2 19
7 2 4 30
1 1 12
3 2 9 24
26 3 25 12 4
21 6 6 26 27 28 19 21
9 1 1
3 6 5 16 5 7 25 24
22 6 7 10 13 29 10 29
27 1 23
30 1 14
26 2 25 11
24 0
22 5 28 8 1 21 5
29 4 26 18 4 19
1 1 22
9 2 17 9
6 1 6
18 3 7 11 27
15 2 5 17
21 4 16 5 18 27
1 3 26 25 16
22 5 16 6 11 8 12
17 4 14 20 28 21
16 4 29 11 15 7
15 3 9 17 11
20 0
5 2 13 25
8 1 30
27 3 11 21 5
20 5 10 9 15 12 22
16 2 3 14
3 3 18 31 22
18 3 16 4 28
18 1 7
28 2 15 2
7 4 28 7 8 28
24 4 15 23 14 18
28 2 1 30
26 3 29 20 13
18 2 21 4
24 1 29
20 2 31 15
8 3 9 27 25
13 1 14
17 2 30 17
1 200
33
107 1 59
118 1 84
115 1 6
10 1 80
41 1 34
80 1 35
101 1 116
7 1 39
27 1 107
105 1 66
22 1 22
109 1 109
103 1 48
44 1 82
5 1 5
114 1 8
15 1 15
91 1 87
114 1 46
35 1 132
121 1 15
125 1 98
105 1 96
62 1 62
11 1 57
99 1 80
65 1 127
90 1 90
14 1 21
61 1 131
76 1 23
86 1 12
128 1 128
30 1 30
7 1 27
70 1 97
24 1 100
87 1 91
39 1 39
62 1 103
2 1 42
51 1 51
2 1 26
98 1 86
67 1 14
99 1 99
87 1 105
43 1 70
70 1 43
36 1 110
4 1 34
84 1 118
84 1 6
120 1 86
71 1 49
37 1 37
28 1 28
89 1 89
119 1 83
118 1 118
46 1 46
86 1 120
83 1 119
23 1 23
5 1 97
109 1 38
80 1 99
30 1 35
96 1 105
6 1 115
10 1 37
24 1 24
127 1 127
90 1 12
82 1 44
33 1 108
116 1 2
25 1 104
21 1 7
117 1 117
42 1 42
25 1 51
72 1 107
34 1 40
12 1 90
79 1 132
131 1 131
51 1 25
97 1 5
119 1 25
100 1 56
122 1 121
4 1 128
37 1 10
117 1 93
22 1 122
3 1 38
59 1 29
74 1 74
88 1 21
36 1 36
16 1 101
49 1 103
15 1 121
26 1 133
98 1 125
39 1 7
83 1 83
132 1 79
108 1 108
108 1 33
41 1 41
96 1 96
101 1 16
93 1 117
129 1 129
133 1 133
93 1 98
33 1 49
45 1 45
121 1 93
95 1 116
57 1 70
131 1 61
56 1 119
110 1 36
9 1 66
106 1 106
103 1 62
48 1 81
38 1 10
89 1 56
82 1 65
18 1 111
29 1 59
34 1 41
48 1 111
40 1 61
72 1 72
42 1 2
45 1 8
35 1 30
60 1 14
27 1 106
132 1 4
125 1 125
49 1 71
129 1 67
16 1 16
106 1 27
81 1 48
66 1 101
122 1 22
8 1 45
100 1 24
133 1 26
79 1 79
43 1 43
111 1 57
59 1 87
46 1 114
28 1 40
18 1 18
71 1 71
107 1 72
120 1 120
23 1 76
44 1 44
115 1 115
116 1 95
91 1 91
9 1 9
29 1 29
111 1 18
12 1 67
95 1 95
57 1 11
38 1 109
8 1 100
110 1 3
65 1 84
76 1 82
26 1 76
14 1 60
11 1 11
61 1 122
60 1 60
81 1 81
128 1 4
6 1 114
74 1 3
67 1 129
21 1 88
127 1 65
66 1 9
97 1 110
40 1 28
56 1 89
88 1 88
3 1 74
1 200
22
5 0
3 1 7
12 0
5 0
22 1 7
4 0
9 1 21
16 0
7 3 3 17 6
19 0
1 3 21 17 5
7 1 23
16 0
8 0
17 1 12
8 2 6 21
17 2 20 16
9 0
18 1 12
12 1 11
17 1 19
16 1 7
12 2 4 15
16 0
7 2 14 19
11 2 2 8
14 0
11 2 11 7
7 1 5
6 2 15 8
3 0
5 0
2 1 22
15 0
9 0
23 2 9 8
18 1 19
11 1 3
10 3 8 2 21
18 2 3 6
7 1 17
10 0
18 2 9 2
16 1 13
12 1 7
5 0
18 1 20
5 0
13 0
12 2 22 13
16 0
23 0
21 3 14 3 1
4 0
16 1 16
4 1 10
8 0
23 2 21 15
8 0
14 3 22 2 7
5 0
11 2 23 19
18 1 17
1 1 5
2 1 22
21 1 9
17 0
13 1 1
8 0
3 3 9 23 11
1 1 12
8 0
13 1 19
12 0
18 0
18 1 4
16 0
12 1 17
22 1 8
22 2 19 11
17 0
14 2 6 14
21 2 15 10
14 2 2 2
11 1 1
7 2 13 19
11 1 13
19 2 12 8
7 2 23 18
19 0
3 0
5 3 12 15 8
6 1 23
21 1 7
5 2 22 11
1 0
18 1 12
22 2 18 17
7 2 18 23
19 2 7 17
18 2 11 1
1 1 12
21 1 5
7 1 15
12 0
15 0
1 0
21 0
20 1 3
16 2 8 11
13 1 9
7 0
23 2 15 19
4 1 22
20 1 14
11 3 10 2 21
11 0
1 2 17 1
23 2 21 19
17 1 13
19 2 18 12
2 3 19 3 13
15 1 7
18 0
22 1 22
20 0
12 0
10 0
12 1 20
12 0
6 0
6 0
6 2 12 22
20 2 12 19
7 0
11 0
11 3 1 8 3
1 0
8 0
1 0
17 1 22
14 1 16
7 0
16 1 14
18 0
20 3 13 9 13
20 2 20 19
5 1 22
20 1 2
19 0
15 2 12 6
10 1 4
21 0
23 2 17 5
21 0
13 0
19 0
4 0
23 0
1 4 2 22 15 8
9 1 4
22 1 12
1 2 10 20
15 0
18 2 13 3
1 2 2 6
2 2 3 13
22 1 23
1 3 7 4 11
4 0
16 1 9
11 0
17 1 7
16 1 10
21 2 10 18
11 1 23
12 0
17 2 4 2
9 0
2 0
7 0
17 2 3 12
5 0
4 3 4 8 22
17 1 15
20 0
10 1 18
6 4 22 7 19 12
23 0
9 0
7 1 11
8 0
1 2 21 5
1 1 5
16 1 16
18 1 21
1 0
18 1 21
10 0
1 1 10
2 200
4 6
9 3 1 10 10
10 5 8 1 8 10 8
5 0
2 3 8 2 8
3 1 3
9 5 5 4 6 2 2
8 1 4
7 0
10 2 6 5
6 2 4 1
4 2 8 5
2 2 10 9
7 2 4 1
7 0
7 4 7 1 2 2
6 1 10
8 2 9 6
6 1 2
4 1 3
1 0
4 2 1 7
2 1 4
7 3 7 3 4
2 1 6
9 2 8 6
8 0
5 0
1 3 1 4 3
9 1 5
5 1 4
6 1 6
7 2 5 9
4 1 2
10 0
1 3 5 10 1
6 4 6 1 4 7
8 0
8 0
4 3 3 7 4
9 1 5
5 3 4 6 10
9 2 2 3
2 1 1
3 1 1
5 2 5 4
9 0
8 4 8 5 1 7
3 3 9 3 8
6 3 3 3 1
3 1 7
3 3 9 6 6
9 4 6 1 7 1
4 1 6
9 1 1
2 4 1 3 5 1
5 2 10 10
8 3 5 6 7
6 1 9
5 1 3
7 1 7
10 2 5 5
2 1 8
5 1 3
5 2 4 2
1 2 8 2
5 1 3
3 5 2 6 4 3 10
1 4 7 10 6 6
4 1 3
6 1 3
1 3 9 7 7
9 1 4
5 1 3
3 0
1 2 9 7
9 0
3 5 7 4 1 10 10
1 3 1 9 5
1 2 4 3
10 3 6 6 7
3 5 3 3 5 6 7
5 2 8 10
10 1 8
9 1 8
6 2 9 4
1 3 9 4 10
3 0
5 1 3
8 1 3
9 1 10
3 2 5 2
9 0
10 0
8 3 4 4 1
3 2 1 10
2 4 5 2 6 6
2 2 9 6
5 1 2
4 3 8 5 4
8 0
3 1 8
5 2 9 3
6 4 7 8 1 5
7 2 8 9
9 1 7
6 1 4
7 3 2 3 6
3 2 10 7
6 1 5
10 0
2 0
1 2 8 5
6 1 1
1 1 8
9 1 1
1 2 4 2
3 1 8
3 0
8 1 9
10 4 4 1 9 1
1 4 1 5 8 8
10 1 1
8 2 3 4
2 1 3
7 2 7 5
2 1 5
3 2 10 6
1 1 8
9 3 3 9 4
7 2 3 9
8 0
1 0
1 3 1 2 9
3 2 9 10
9 4 7 8 6 10
1 3 8 5 9
10 1 2
5 5 8 6 3 7 10
3 1 4
8 1 1
6 2 6 7
6 4 5 3 9 10
10 2 4 9
2 0
8 1 4
10 2 4 9
4 5 6 9 4 8 4
10 3 9 1 6
2 1 1
1 5 7 3 3 10 9
1 2 7 9
2 1 3
1 3 4 4 6
8 1 8
5 0
9 1 2
1 1 8
7 2 1 2
9 1 3
9 3 6 3 9
5 1 1
8 4 5 5 10 8
9 4 7 5 5 8
5 1 8
2 0
7 1 9
7 2 4 1
4 2 6 6
4 3 4 6 7
9 2 6 8
3 5 7 1 5 9 8
1 4 7 7 9 8
4 0
2 1 9
2 0
3 3 9 3 10
1 7 7 8 9 4 9 10 3
8 2 6 6
2 3 7 8 9
2 1 5
8 2 4 8
2 3 1 1 2
5 2 10 1
10 2 1 1
1 0
9 2 5 4
9 4 2 9 4 1
2 2 1 3
7 0
9 2 2 8
2 2 1 8
2 4 7 3 1 1
7 2 10 1
3 2 8 8
8 0
8 2 1 3
1 1 5
5 1 4
3 3 1 1 1
4 2 10 3
2 200
5 5
1 0
1 2 1 3
2 2 4 5
4 3 1 4 3
5 4 1 3 3 2
5 2 5 5
4 0
1 0
3 1 5
3 1 2
1 6 2 2 1 5 4 2
1 3 4 4 4
5 1 1
1 4 4 1 1 3
5 2 3 5
3 2 4 2
4 1 3
2 1 1
1 1 1
2 1 1
1 1 4
4 2 3 5
4 2 1 4
3 1 1
5 1 5
1 1 2
1 0
5 1 5
5 2 4 1
5 1 3
1 3 1 5 3
2 0
5 1 1
5 3 5 1 3
2 1 2
5 2 2 3
4 0
5 1 4
5 1 2
3 3 5 2 2
4 2 2 5
2 3 5 1 3
3 3 5 2 3
5 1 5
2 1 1
2 0
4 2 2 1
2 1 1
4 0
4 3 4 2 2
3 4 2 3 5 2
4 2 3 5
5 1 1
4 1 3
3 2 5 4
4 1 4
1 2 2 3
3 0
5 4 2 5 1 2
1 0
5 3 1 2 3
1 0
2 3 5 4 3
4 4 4 5 4 4
5 0
1 1 2
5 1 3
5 2 5 1
2 2 2 3
1 1 1
2 3 4 3 3
1 4 1 4 3 4
5 1 2
4 3 3 3 2
2 1 2
1 5 3 3 3 3 2
2 1 4
1 1 1
5 3 1 1 1
2 1 2
1 0
4 2 1 2
2 2 3 2
5 0
2 2 3 2
2 3 4 3 1
5 1 1
5 1 2
1 2 3 2
5 2 4 4
5 3 5 1 2
5 1 1
5 2 3 3
3 0
4 2 1 2
4 0
5 1 4
5 2 5 4
5 4 2 3 3 3
2 1 5
1 1 2
1 3 2 3 2
4 1 4
5 2 5 3
1 1 1
5 3 3 5 5
2 1 2
4 0
2 1 5
3 2 3 4
3 2 4 2
5 0
2 2 4 2
4 3 1 3 4
4 3 4 2 5
5 1 1
2 2 5 3
4 1 5
4 1 5
3 2 3 1
5 0
5 1 4
2 2 3 4
4 1 2
5 2 2 1
2 2 5 1
4 4 1 3 2 1
4 1 1
2 4 2 5 5 4
3 1 3
2 3 1 2 4
4 0
5 1 1
5 0
5 1 1
5 0
2 1 2
3 2 5 3
5 1 2
5 1 4
1 1 4
2 4 1 4 4 2
4 1 2
4 2 5 1
3 2 2 2
3 0
3 1 2
4 1 4
3 4 4 2 5 3
4 3 2 3 4
3 2 4 5
2 3 2 3 5
5 0
5 1 4
2 1 2
1 0
3 2 5 5
5 4 2 2 3 5
2 0
1 1 1
4 2 3 1
3 1 1
4 2 1 4
3 2 4 5
5 1 4
5 4 4 5 3 3
4 0
1 0
3 0
3 2 5 4
5 2 5 4
5 2 4 2
2 0
4 1 2
3 2 1 4
4 1 1
3 2 5 4
2 1 2
4 0
5 1 4
2 2 3 4
2 1 5
3 2 2 5
4 2 1 2
1 0
4 2 2 3
4 3 5 4 5
3 2 1 3
5 1 2
2 3 4 1 1
1 0
3 1 4
5 2 5 3
1 4 2 4 3 4
5 4 3 3 4 1
4 2 4 5
1 1 4
5 1 2
1 1 2
5 0
158 200
14 20 2 2 15 17 9 6 11 19 12 1 14 14 16 18 9 1 3 7 19 7 16 3 17 2 8 1 3 4 13 9 15 14 2 9 2 10 6 4 8 17 4 13 3 12 10 11 12 4 9 10 10 4 5 18 5 4 19 8 7 11 8 1 16 9 1 9 18 7 12 17 3 8 9 17 19 10 19 2 14 8 4 15 3 8 13 8 11 11 7 10 13 14 2 20 2 3 20 11 1 3 7 3 10 7 12 20 16 10 2 9 9 5 16 12 4 8 11 6 10 9 7 14 14 9 5 7 3 4 17 3 6 15 17 8 1 20 19 16 10 12 17 10 16 12 13 11 11 3 17 20 3 3 5 16 3 9
2 0
17 1 10
4 0
10 2 5 6
19 2 6 18
1 1 3
16 3 3 9 11
8 0
20 0
16 0
7 0
11 1 17
4 0
8 2 16 5
2 4 15 14 15 19
20 3 17 15 4
18 0
18 0
3 1 13
2 2 14 16
20 0
13 1 19
5 1 6
16 2 13 10
4 2 11 18
19 2 18 14
11 3 4 13 5
8 0
15 2 5 2
5 0
8 1 19
8 0
2 1 9
3 1 19
18 1 8
12 1 5
15 2 3 4
13 1 4
11 0
7 0
1 1 18
18 1 10
17 0
4 1 4
17 1 15
18 0
15 0
6 3 4 9 14
15 1 17
17 0
8 2 15 6
7 0
1 1 12
4 3 15 7 7
14 2 6 5
4 1 16
2 0
4 5 9 20 11 11 2
11 1 4
8 1 14
1 0
10 1 2
16 0
14 2 8 4
12 1 16
5 2 9 15
5 2 19 15
18 1 10
9 2 8 6
8 0
4 0
9 1 10
5 0
20 0
4 3 3 14 20
13 1 14
18 2 18 10
10 3 20 13 17
19 2 4 7
4 0
18 1 13
6 1 7
10 0
18 0
9 1 6
4 2 15 16
1 0
2 0
19 1 16
3 2 8 16
10 2 7 2
19 1 19
12 1 11
5 4 13 3 10 5
4 2 11 19
15 0
1 0
9 2 12 13
13 0
9 1 10
8 1 18
8 1 9
10 1 18
12 2 16 8
8 0
13 0
16 1 4
5 0
15 0
14 1 3
20 4 20 8 8 13
12 0
11 1 15
10 1 9
10 2 11 17
11 1 11
5 1 6
10 2 20 15
13 1 19
3 1 12
13 1 2
2 1 12
14 1 4
16 1 1
18 0
17 1 4
11 2 12 3
18 4 7 4 13 1
17 0
15 1 5
6 1 6
4 1 17
2 1 8
15 1 7
7 1 13
1 0
20 3 18 13 7
3 0
17 0
14 0
8 4 2 14 16 15
17 2 17 5
5 1 9
19 2 10 6
18 0
6 3 10 16 15
9 1 9
2 1 1
16 3 5 19 15
1 0
16 1 8
20 3 6 12 4
14 0
1 1 5
7 1 1
11 0
18 2 1 10
9 1 2
8 0
6 3 19 4 6
3 1 7
6 2 9 19
2 1 7
17 3 19 5 13
20 1 12
8 0
9 2 13 19
11 0
2 1 18
6 0
4 3 18 13 11
2 1 5
14 1 7
1 1 15
20 1 19
11 2 5 15
6 1 14
20 1 11
4 1 6
13 3 11 3 12
13 1 16
11 1 5
12 0
6 1 3
12 0
11 2 7 17
9 1 3
1 1 4
19 0
16 0
6 1 13
2 4 3 15 20 5
13 3 8 2 18
7 3 1 4 17
10 1 17
5 1 14
7 2 14 6
18 0
15 3 20 6 16
20 1 3
1 200
42
199 1 7
8 1 192
115 1 163
75 1 160
70 1 197
86 1 178
171 1 82
118 1 145
158 1 112
44 1 69
120 1 165
200 1 138
100 1 149
157 1 162
48 1 46
69 1 45
196 1 151
183 1 6
155 1 136
84 1 1
161 1 78
78 1 108
89 1 133
132 1 13
190 1 103
126 1 150
174 1 52
5 1 36
128 1 48
41 1 186
173 1 130
136 1 54
178 1 11
54 1 61
29 1 118
138 1 63
110 1 142
121 1 15
35 1 196
114 1 44
53 1 87
28 1 144
12 1 109
59 1 33
101 1 72
16 1 107
107 1 4
122 1 95
30 1 199
112 1 179
195 1 23
43 1 140
83 1 2
94 1 18
119 1 161
96 1 25
38 1 75
144 1 41
185 1 128
72 1 129
198 1 21
18 1 188
151 1 189
103 1 198
167 1 49
33 1 8
63 1 88
55 1 30
109 1 93
106 1 9
36 1 114
143 1 101
23 1 174
186 1 125
52 1 60
191 1 131
140 1 66
50 1 146
46 1 96
124 1 14
108 1 143
62 1 77
194 1 173
169 1 19
98 1 127
187 1 91
64 1 153
181 1 137
60 1 117
97 1 180
20 1 126
71 1 12
34 1 157
146 1 182
116 1 122
149 1 68
111 1 116
192 1 113
189 1 132
19 1 53
148 1 98
58 1 187
24 1 176
67 1 24
135 1 34
51 1 10
117 1 74
57 1 191
27 1 121
22 1 155
177 1 31
74 1 171
102 1 28
15 1 86
147 1 135
77 1 29
130 1 65
154 1 200
166 1 50
162 1 79
123 1 84
1 1 5
39 1 64
3 1 32
13 1 111
113 1 43
125 1 190
91 1 3
37 1 17
10 1 124
159 1 59
31 1 97
95 1 73
40 1 47
81 1 115
32 1 139
153 1 104
42 1 102
21 1 100
175 1 90
139 1 159
76 1 169
160 1 193
6 1 134
93 1 67
4 1 110
17 1 183
184 1 83
163 1 51
197 1 89
104 1 85
9 1 20
168 1 35
129 1 152
165 1 164
156 1 92
150 1 80
49 1 71
82 1 158
141 1 37
193 1 156
45 1 194
182 1 195
26 1 70
131 1 40
127 1 81
68 1 148
79 1 55
14 1 177
73 1 167
47 1 184
65 1 154
66 1 166
25 1 168
90 1 185
172 1 119
134 1 76
88 1 170
2 1 120
152 1 56
142 1 38
133 1 105
11 1 39
179 1 94
80 1 58
170 1 129
87 1 22
105 1 62
99 1 141
176 1 27
85 1 99
164 1 16
56 1 181
7 1 57
145 1 172
61 1 147
188 1 123
92 1 26
137 1 175
180 1 106
3 30
1 4 1
4 2 6 3
5 0
3 2 2 6
1 2 4 4
2 1 2
2 0
3 2 6 3
5 3 6 6 3
4 3 2 2 5
5 2 5 1
3 4 2 6 3 3
2 2 6 6
4 0
1 1 5
1 3 3 3 6
5 1 1
2 3 1 1 5
5 1 5
4 0
2 1 3
3 0
1 3 1 1 3
4 2 3 6
3 1 4
6 2 2 2
3 3 6 1 4
3 1 3
5 0
3 2 5 5
3 0
10 50
1 12 2 8 4 11 1 11 5 3
6 2 13 9
7 0
6 4 13 12 10 7
10 4 5 12 3 5
3 2 1 9
11 2 4 11
10 2 10 6
7 3 9 12 3
3 1 7
8 3 9 9 13
6 2 6 13
12 3 2 2 13
6 2 2 8
9 2 4 1
1 1 11
11 2 9 4
13 2 13 12
2 2 2 6
2 1 10
13 2 2 11
11 0
2 5 10 4 2 9 7
13 3 8 12 6
12 0
11 1 3
4 1 13
11 4 4 12 3 11
11 0
3 0
2 3 5 10 8
3 1 6
11 2 3 4
10 0
10 4 3 12 13 8
7 3 4 2 9
1 3 1 7 13
7 1 2
4 3 6 6 8
9 0
9 0
13 2 12 2
1 4 10 4 2 13
9 1 7
6 1 11
12 0
10 2 5 12
5 1 3
11 0
13 2 7 2
6 1 12
3 123
66 13 69
144 3 199 125 119
89 4 118 35 84 83
129 2 52 137
116 6 38 178 173 134 99 42
92 3 142 21 127
196 4 153 8 91 15
170 3 29 25 101
90 3 32 85 80
95 2 166 182
120 1 41
129 5 116 178 187 120 12
20 4 137 104 176 41
65 2 47 145
137 4 63 114 192 19
61 4 182 190 187 149
22 4 78 199 99 100
168 6 12 161 195 138 24 26
41 3 18 92 102
177 6 199 140 112 158 149 73
73 6 79 67 96 160 141 56
134 4 145 70 23 50
191 1 26
117 2 58 78
105 2 143 101
83 2 44 35
171 5 39 105 62 80 63
79 3 34 69 30
30 2 12 33
42 5 66 31 147 80 173
74 2 172 36
95 3 147 147 76
185 3 28 152 95
162 1 149
176 1 51
52 5 166 49 114 142 113
5 2 36 147
171 2 130 126
174 3 78 30 118
94 3 69 182 91
17 6 100 45 107 173 173 152
93 1 31
174 3 158 198 106
37 3 45 155 54
109 4 130 132 98 124
62 3 75 8 68
97 5 44 61 127 197 152
82 6 174 70 95 50 156 6
29 6 124 83 178 179 75 13
90 2 24 184
59 4 179 167 195 124
54 3 159 133 111
23 2 134 48
1 4 190 87 56 110
170 3 3 145 168
80 3 68 97 40
84 4 181 4 25 47
141 2 95 172
158 6 74 8 116 16 40 159
65 4 59 56 119 39
134 5 48 194 160 170 183
31 0
112 2 25 46
118 3 185 4 118
145 3 132 104 32
87 6 175 140 98 145 164 75
122 3 73 190 175
101 5 80 15 64 120 40
57 4 155 196 146 41
95 1 175
147 2 105 108
74 3 110 55 64
139 6 197 46 7 53 72 113
72 2 163 87
110 2 29 107
48 4 171 21 90 126
134 4 12 7 163 135
158 2 9 180
81 5 136 163 54 23 37
114 3 172 71 70
47 1 54
139 3 114 125 54
167 5 46 94 86 112 94
22 3 132 167 114
92 4 141 54 180 192
137 3 160 109 169
101 3 68 2 19
127 2 104 96
29 1 6
10 3 77 78 81
191 3 36 26 120
162 5 85 90 31 77 140
192 0
102 2 168 96
31 0
136 1 75
188 4 102 16 21 80
152 1 163
189 4 170 155 100 88
197 3 112 61 74
46 4 31 20 67 130
135 7 114 162 32 19 125 121 119
70 6 6 4 34 42 165 25
137 4 121 38 133 130
158 1 39
131 3 72 55 153
136 3 94 161 148
91 2 147 37
40 4 103 13 182 51
16 2 93 39
157 4 18 173 32 171
87 3 138 96 189
155 4 187 153 11 15
123 4 20 54 112 86
108 3 91 23 186
198 2 116 145
11 3 132 150 129
8 4 190 164 16 134
124 4 105 61 77 30
39 4 56 152 69 200
169 2 65 102
114 3 34 197 57
200 2 36 39
160 3 93 95 126
1 200
11
14 3 3 2 10
12 2 3 11
4 2 9 16
19 1 1
4 0
20 6 5 3 13 4 20 9
12 0
21 3 5 1 4
5 1 13
9 3 12 18 9
19 3 12 10 22
8 0
9 5 20 8 1 2 2
20 4 15 4 22 15
22 3 19 7 18
15 0
4 1 11
13 2 11 18
17 1 21
13 2 10 20
18 2 14 21
5 0
8 0
19 2 21 22
14 3 3 5 11
3 2 17 19
18 0
2 2 3 4
16 1 11
16 3 13 2 4
10 2 7 19
5 3 3 16 10
3 8 12 19 5 20 8 12 10 22
13 0
2 3 5 22 3
7 4 14 19 14 16
9 2 15 3
13 0
3 2 11 13
13 3 15 9 6
22 1 14
19 0
18 1 22
8 1 20
16 2 13 2
17 1 9
20 1 13
20 2 9 4
6 2 8 20
12 2 7 4
10 1 14
21 2 16 14
16 2 19 4
16 3 18 16 8
17 2 10 13
5 0
16 3 12 17 18
10 3 4 2 20
7 5 3 20 10 15 2
10 1 13
1 2 14 20
16 0
14 2 5 17
4 0
5 2 19 14
15 6 21 6 1 18 3 4
10 1 18
11 1 14
4 2 17 12
12 2 20 6
1 2 22 14
3 3 16 21 4
8 5 20 16 2 4 1
16 1 21
8 1 13
22 0
8 1 16
3 1 4
19 1 18
13 5 6 7 20 18 18
14 2 9 3
4 0
11 1 3
7 2 16 14
17 1 22
5 2 17 7
11 3 4 3 9
11 5 4 5 8 16 18
15 1 21
15 3 10 19 6
18 6 14 6 3 19 7 14
15 3 11 5 18
7 2 1 3
9 0
18 2 14 3
11 1 8
22 2 12 14
3 2 20 22
21 2 14 2
3 2 8 12
12 1 9
19 4 4 17 2 22
3 6 9 4 15 22 5 13
18 3 8 14 1
10 1 17
8 1 4
17 1 14
17 4 5 15 3 12
10 1 2
11 4 11 13 13 3
8 1 13
1 0
12 1 3
16 2 2 16
5 0
7 3 15 3 5
19 4 14 2 2 7
15 0
15 1 22
11 0
6 1 7
10 0
1 0
12 2 10 18
16 3 14 13 21
17 3 11 6 17
20 4 4 18 9 13
13 2 13 9
17 2 8 7
16 1 12
13 1 7
7 1 6
12 4 1 20 20 11
15 1 5
2 2 22 10
21 1 1
22 4 13 3 14 12
16 2 1 15
13 1 4
7 2 5 4
4 2 6 21
20 5 4 18 15 21 22
7 0
15 0
14 1 15
11 2 2 5
19 2 16 5
10 2 5 19
2 1 2
11 2 3 21
18 2 20 10
7 1 15
18 5 15 16 6 18 2
16 4 16 17 19 21
18 1 11
10 3 9 17 8
8 2 6 15
13 2 15 6
22 0
3 4 7 11 18 16
6 1 18
13 3 4 2 17
7 2 21 17
15 4 15 14 3 6
3 2 16 13
6 0
13 1 20
1 3 12 9 20
21 2 4 19
1 0
7 2 9 20
22 1 4
21 6 20 9 9 21 1 5
12 3 7 6 7
14 0
10 2 3 8
22 2 4 2
9 4 3 12 14 9
17 3 6 14 12
21 3 4 14 15
17 2 12 7
10 2 19 20
5 2 8 4
13 3 10 1 1
1 2 17 9
20 4 19 19 1 2
20 1 18
9 3 19 13 15
10 3 12 6 20
19 4 12 13 5 2
9 1 17
15 0
7 2 20 11
15 2 18 20
7 1 19
10 2 6 20
20 3 21 10 18
17 0
10 1 17
16 2 2 21
3 200
15 14 10
3 0
14 0
7 0
1 0
10 2 2 15
3 5 14 8 4 8 6
14 1 2
15 2 10 11
9 3 13 9 3
14 0
15 0
14 2 11 6
2 2 2 8
12 2 10 2
15 3 5 7 12
1 0
5 1 4
12 2 7 14
6 1 8
11 4 3 10 6 12
15 4 11 9 10 6
13 1 14
11 3 3 13 10
13 2 1 7
15 1 7
10 0
1 1 10
8 2 11 7
7 0
1 2 2 7
14 1 8
9 2 14 1
14 3 1 12 8
5 5 3 7 8 15 6
1 2 6 10
9 0
7 1 11
7 1 7
8 3 3 7 1
15 3 13 10 11
5 3 14 3 13
8 4 5 2 7 13
6 0
14 1 15
11 4 12 10 9 14
5 2 1 11
14 1 13
7 1 9
9 1 4
4 1 8
2 2 6 3
8 2 10 7
8 0
12 0
5 1 9
15 1 7
13 1 14
5 5 14 10 13 6 3
14 0
5 1 13
12 1 5
12 0
5 0
11 4 6 5 13 12
9 1 15
6 0
4 2 9 11
15 2 2 12
12 3 13 5 13
3 1 12
7 5 1 6 13 10 1
8 1 13
2 2 5 8
4 6 6 1 13 2 9 1
6 1 9
12 1 3
8 6 11 1 15 5 6 6
11 2 13 15
11 4 3 10 1 7
8 1 5
6 2 2 13
12 5 14 14 10 4 10
15 0
6 1 8
1 1 11
11 2 4 10
5 2 4 14
5 2 3 13
8 1 11
3 1 14
9 2 1 14
4 3 15 7 12
6 1 5
6 2 1 13
14 2 13 3
14 0
11 2 13 7
9 1 10
14 1 8
14 4 6 3 13 4
12 2 5 12
12 5 4 12 10 8 4
6 3 15 12 6
13 1 8
15 5 3 6 13 6 1
4 4 11 11 15 6
2 0
14 2 10 13
14 1 4
12 2 7 13
7 1 5
12 1 14
15 2 9 5
6 1 14
2 3 11 5 8
7 1 11
9 0
6 2 5 15
12 0
1 0
15 0
12 3 2 8 3
4 3 9 15 15
5 1 3
2 1 4
10 2 5 6
4 1 15
4 0
3 2 3 12
9 1 13
2 3 15 2 9
14 3 5 15 8
5 1 4
15 0
4 1 8
11 1 10
3 2 10 10
12 1 13
9 1 3
8 2 5 14
15 2 15 8
15 2 10 15
4 4 5 8 1 4
14 3 15 13 12
13 4 8 11 2 12
5 2 12 3
13 0
6 0
2 4 9 15 9 8
1 2 10 6
6 4 10 8 6 13
1 1 10
12 5 7 11 2 3 2
1 2 11 11
6 0
6 0
10 2 15 3
1 3 14 14 7
9 2 13 4
5 4 15 6 14 5
9 2 8 7
3 1 1
10 1 10
5 1 8
2 3 7 15 15
13 1 7
15 0
11 1 9
1 3 9 7 4
8 0
10 1 2
15 0
15 2 2 7
6 3 11 1 12
14 2 10 7
12 2 2 5
10 3 11 4 12
3 2 1 7
9 4 13 1 8 13
4 3 3 2 5
3 5 3 6 14 12 9
14 0
4 2 4 12
6 1 6
6 0
1 1 11
3 0
8 1 4
8 0
12 1 3
12 2 7 5
8 1 9
6 1 1
6 1 10
12 4 6 10 11 10
14 0
11 2 4 4
3 1 12
1 0
11 1 3
8 50
11 11 12 7 14 7 4 4
11 1 15
9 1 12
2 4 11 12 2 1
12 0
12 2 3 3
10 2 13 5
6 2 3 6
4 8 11 14 3 12 14 5 4 9
15 1 9
12 1 15
8 1 2
12 4 14 6 2 15
11 0
15 4 12 13 6 8
10 6 10 2 9 13 1 14
7 0
13 2 9 1
5 1 3
11 2 6 10
5 2 7 13
3 5 14 5 10 11 9
7 5 1 12 4 9 1
5 1 14
13 3 15 4 2
2 1 1
1 4 15 6 4 5
12 4 14 10 10 9
15 1 5
8 2 8 13
7 3 15 1 5
10 0
10 1 1
7 0
12 6 1 9 2 7 7 1
6 1 2
3 4 12 13 2 11
6 2 3 5
11 1 1
13 1 4
12 0
7 2 12 5
6 1 6
15 4 13 15 6 15
9 2 5 8
5 3 8 9 9
9 4 2 14 7 9
15 4 10 3 9 8
9 0
5 1 9
3 2 4 14
1 84
1
1 1 1
1 0
1 0
1 1 1
1 4 1 1 1 1
1 0
1 0
1 4 1 1 1 1
1 0
1 0
1 4 1 1 1 1
1 0
1 0
1 4 1 1 1 1
1 0
1 0
1 0
1 1 1
1 0
1 0
1 0
1 0
1 0
1 0
1 4 1 1 1 1
1 1 1
1 0
1 0
1 1 1
1 1 1
1 4 1 1 1 1
1 0
1 0
1 1 1
1 1 1
1 4 1 1 1 1
1 0
1 1 1
1 1 1
1 3 1 1 1
1 0
1 1 1
1 4 1 1 1 1
1 0
1 0
1 0
1 2 1 1
1 0
1 0
1 0
1 1 1
1 0
1 0
1 0
1 0
1 0
1 1 1
1 0
1 0
1 0
1 5 1 1 1 1 1
1 0
1 0
1 0
1 4 1 1 1 1
1 0
1 0
1 0
1 0
1 5 1 1 1 1 1
1 4 1 1 1 1
1 1 1
1 0
1 0
1 1 1
1 0
1 4 1 1 1 1
1 4 1 1 1 1
1 0
1 1 1
1 1 1
1 0
1 4 1 1 1 1
1 0
