25

2 20
1 3






1 3 2 2 2
3 2 2 2
3 2 3 1
1 1 3
2 2 1 2
2 0
3 1 2
1 0
2 2 1 1
1 1 3
3 1 1
2 0
3 1 3
2 0
3 1 1
1 1 3
1 1 3
1 1 2
3 0
2 2 2 3







3 10
3 6 3
6 2 3 2
2 1 3
3 1 6
3 2 2 5
5 5 4 3 5 6 2
6 1 3
1 3 4 1 6
2 2 2 3
5 3 3 5 4
2 3 3 5 1


23 5
3 1 1 4 2 1 4 1 3 1 2 4 1 1 2 1 3 3 2 4 4 4 4
4 0
2 0
1 1 1
1 3 2 4 3
3 2 3 4


3 5
1 2 1
2 0
2 3 1 1 1
2 1 1
1 1 1
2 1 2

1 1
2
1 3 1 2 3


1 20
13

1 3 7 18 2
18 2 1 11
10 1 16
3 1 9
7 4 10 13 18 6
12 2 4 8
11 1 19
20 4 14 4 4 15
19 2 3 15
15 2 17 5
14 1 12
13 1 20
16 2 8 7
6 1 14
5 2 17 17
4 1 18
17 1 1
8 1 3
2 1 10
9 6 20 2 19 6 1 12

1 1
2
2 3 1 2 3

1 20
11
1 1 11
14 1 1
13 1 14
3 1 13
15 1 3
12 3 1 16 15
7 3 11 12 15
16 1 7
8 1 16
9 2 10 8
18 2 8 9
17 2 18 18
2 1 17
4 1 2
20 2 2 4
10 1 20
6 1 10
5 1 6
19 1 5
11 2 17 19
1 4
1
1 0
1 2 1 3
2 0
3 1 2
3 3
1 1 1
1 0
1 0
1 0
4 20
1 2 4 3
3 0
4 1 3
1 2 4 4
4 1 2
3 3 2 1 3
4 3 2 3 2
4 2 1 3
4 2 1 1
2 5 4 4 1 1 2
1 3 3 2 3
3 0
4 0
3 3 2 4 4
2 1 1
3 1 4
3 1 4
3 2 1 4
1 1 1
3 1 1
4 3 3 1 4
2 9
13 13
13 1 13
13 1 13
13 2 13 13
13 1 13
13 1 13
13 1 13
13 0
13 0
13 0
3 20
3 3 1
3 0
2 1 2
3 1 2
2 2 3 3
1 1 3
3 0
1 0
2 1 1
2 2 3 2
2 1 2
3 1 2
3 0
2 0
2 2 2 1
2 1 1
2 1 3
1 2 2 3
1 4 3 2 3 1
3 0
1 1 1
3 15
2 2 3
3 5 1 3 2 2 3
3 3 2 3 3
3 0
1 0
2 0
1 1 1
3 1 1
3 5 2 2 1 2 1
3 2 3 2
3 1 3
2 3 1 1 1
3 1 1
3 0
3 4 1 2 2 3
2 4 3 2 2 1
3 20
3 2 2
1 1 1
3 0
2 1 1
3 1 3
1 5 2 1 3 1 2
1 3 2 1 2
1 3 2 2 1
3 0
2 0
3 3 3 2 1
1 2 2 2
3 1 1
1 1 1
2 0
3 0
1 1 1
3 2 3 1
2 1 3
2 0
2 2 3 3
1 1
2
2 0
3 10
2 2 2
1 1 2
1 0
1 1 1
1 2 1 2
2 2 1 1
2 0
2 5 2 2 2 1 1
1 2 1 1
1 1 2
2 0
3 19
1 1 1
1 0
1 0
1 0
1 0
1 0
1 0
1 1 1
1 1 1
1 1 1
1 1 1
1 1 1
1 1 1
1 1 1
1 1 1
1 1 1
1 2 1 1
1 2 1 1
1 2 1 1
1 2 1 1
1 1
2
1 1 1
10 20
1 2 3 4 5 6 7 8 9 10
7 1 7
8 0
6 1 6
3 0
9 1 9
1 0
10 0
8 1 8
2 0
5 0
4 1 4
4 0
1 1 1
2 1 2
5 1 5
3 1 3
7 0
9 0
10 1 10
6 0
20 15
5 5 4 4 3 4 1 1 5 3 4 3 5 5 3 1 1 4 1 2
4 0
5 2 2 4
1 1 3
4 2 3 1
5 0
3 3 2 1 3
2 0
5 2 5 3
5 0
4 0
4 2 3 2
5 0
3 3 1 5 3
4 3 2 3 5
3 2 1 1
2 15
1 1
1 1 3
2 1 1
3 2 1 3
2 2 1 3
3 3 2 2 2
1 1 1
3 4 2 1 2 3
3 3 1 2 1
3 2 3 2
3 2 2 2
3 1 2
3 1 1
1 5 2 2 2 2 3
3 4 2 1 2 3
2 3 2 3 3
1 2
2
2 0
2 1 2
1 20
1
3 3 1 1 2
3 1 1
4 1 2
3 0
3 2 3 3
1 0
3 1 1
2 5 1 3 3 1 1
2 0
3 2 1 3
2 1 4
4 2 2 1
1 1 4
4 4 3 4 3 1
4 2 3 2
3 2 3 1
1 1 3
1 4 3 1 2 3
2 2 2 1
3 3 3 3 1
2 13
2 2
2 1 2
2 1 2
2 0
2 0
2 0
2 0
2 1 2
2 2 2 2
2 1 2
2 3 2 2 2
2 0
2 0
2 1 2
