25
5 20
9 11 7 18 19







12 2 12 18
7 1 6
9 2 15 16
11 3 8 10 20
10 1 15
13 4 2 17 10 8
6 2 18 9
5 1 20
16 2 20 4
17 1 3
20 1 3
14 1 12
2 3 10 9 13
19 1 14
1 2 9 11
8 2 4 1
15 1 5
3 1 2
4 1 19
18 3 16 4 8
2 13
2 2
2 1 2
2 0
2 0
2 2 2 2
2 3 2 2 2
2 0
2 0
2 1 2
2 1 2
2 1 2
2 1 2
2 0
2 0
3 5
2 1 1
2 1 2
1 2 2 2
2 2 2 2
2 0
2 1 1
20 15
2 2 4 2 2 5 2 5 3 3 1 1 3 2 4 2 2 2 5 2
1 0
5 3 4 4 5
5 1 1
3 0
4 4 5 1 1 1
5 1 2
5 0
5 0
4 0
5 2 4 2
2 1 4
5 3 1 4 3
3 1 5
2 1 4
4 3 4 3 4
3 3
1 1 1
1 0
1 0
1 0
2 15
3 1
3 1 2
2 2 2 3
1 2 1 2
2 0
2 1 1
3 1 1
1 1 1
2 1 3
2 3 2 1 1
3 1 2
3 2 2 2
2 1 1
2 4 3 1 1 2
3 0
3 2 3 2
2 20
4 2
3 2 3 1
1 2 2 3
4 1 3
1 2 2 3
3 3 2 1 2
1 1 1
1 2 3 2
1 1 4
1 3 3 3 2
3 1 4
1 1 3
1 4 1 4 1 1
2 1 4
2 2 2 1
4 5 2 4 1 3 3
4 2 2 2
4 0
2 2 3 2
3 1 3
3 0
3 19
1 1 1
1 0
1 0
1 0
1 0
1 0
1 0
1 1 1
1 1 1
1 1 1
1 1 1
1 1 1
1 1 1
1 1 1
1 1 1
1 1 1
1 2 1 1
1 2 1 1
1 2 1 1
1 2 1 1
3 10
1 2 1
1 1 2
2 1 1
1 1 2
1 1 2
2 0
1 3 2 2 1
1 2 2 2
2 1 2
2 3 1 2 2
2 1 2
5 10
6 3 3 2 2
2 4 2 2 4 5
1 6 1 3 6 3 2 6
5 6 6 2 4 3 6 4
4 2 3 3
5 3 2 3 2
5 6 5 5 5 5 3 4
1 2 3 2
1 0
6 4 4 5 2 4
5 2 1 4
10 20
1 2 3 4 5 6 7 8 9 10
9 0
6 0
10 1 10
5 1 5
5 0
9 1 9
8 1 8
1 1 1
3 1 3
7 1 7
4 0
3 0
10 0
7 0
2 0
8 0
2 1 2
1 0
4 1 4
6 1 6
3 20
3 1 2
1 0
1 1 2
3 2 1 1
3 2 3 3
1 0
1 3 3 2 1
1 0
1 1 1
3 2 3 3
3 1 3
2 1 1
3 2 3 2
2 0
1 1 2
3 1 1
1 3 3 1 2
3 3 3 3 2
2 0
1 3 1 2 2
2 1 2
3 15
3 3 3
3 2 3 2
3 1 2
1 1 1
3 1 3
3 0
3 2 2 3
3 1 1
1 2 2 2
3 1 1
3 0
1 3 1 3 3
2 0
2 2 2 1
3 0
2 1 3
1 1
2
2 0
1 1
2
2 3 1 2 3
1 1
2
1 3 1 2 3
2 9
13 13
13 2 13 13
13 1 13
13 0
13 1 13
13 1 13
13 1 13
13 0
13 0
13 1 13
3 20
3 1 2
1 1 1
3 0
1 1 1
1 2 1 3
2 2 1 1
1 1 3
1 1 3
1 0
3 0
2 0
3 4 3 1 3 3
2 2 3 2
2 4 1 2 1 3
3 0
2 1 3
2 0
3 1 2
3 3 2 1 1
1 1 2
2 3 3 3 1
1 4
1
1 0
1 2 1 3
2 0
3 1 2
2 20
2 1
3 0
2 0
2 3 1 1 2
3 3 3 2 4
4 0
3 2 2 3
3 3 1 2 2
3 2 1 2
2 1 4
4 0
1 2 1 4
4 0
2 1 3
2 2 3 4
1 1 4
2 1 1
2 0
2 0
4 3 1 4 2
1 1 2
1 2
2
2 0
2 1 2
1 20
7
14 2 20 20
1 3 18 1 14
11 1 1
10 1 11
17 1 10
20 1 17
19 1 20
18 1 19
13 2 16 18
8 2 20 13
5 1 8
15 1 5
2 1 15
6 1 2
16 2 11 6
4 2 4 16
12 1 4
9 2 18 12
3 2 14 9
7 1 3
23 5
1 2 2 4 2 3 2 3 1 2 2 2 4 2 1 4 3 3 3 3 4 4 4
1 2 3 2
1 0
1 1 2
3 1 4
3 2 2 3
1 1
2
1 1 1
3 20
3 3 1
2 2 3 2
3 0
2 0
1 1 2
1 1 3
1 3 2 1 1
2 4 1 1 2 3
1 1 2
1 1 3
3 1 3
2 0
1 1 1
1 0
3 1 2
3 1 2
3 1 3
3 2 3 2
2 1 1
2 4 1 1 3 2
2 2 2 1
