25
2 20
1 1
3 1 4
4 1 3
4 1 2
4 3 3 1 2
4 3 3 1 2
3 1 2
4 4 3 1 2 2
2 0
2 4 1 4 2 1
2 1 2
4 0
1 1 1
1 3 1 4 2
2 2 1 2
3 1 3
4 2 1 4
3 1 3
1 1 4
1 1 2
2 1 4
2 13
2 2
2 2 2 2
2 0
2 1 2
2 0
2 1 2
2 0
2 0
2 3 2 2 2
2 0
2 0
2 1 2
2 1 2
2 1 2
2 20
1 3
3 3 3 2 3
1 1 2
2 3 1 1 3
2 2 1 2
3 0
3 0
3 1 1
2 1 3
2 2 3 1
1 2 2 3
2 1 3
3 1 1
3 5 1 1 1 3 3
1 2 1 1
3 1 2
1 0
2 1 1
2 2 2 3
1 1 1
1 0
3 5
2 1 1
1 3 1 2 1
2 1 1
2 1 1
2 0
1 1 2
1 20
9
3 1 6
10 1 3
4 2 16 10
20 1 4
12 1 20
2 1 12
16 2 12 2
17 1 16
5 1 17
15 1 5
14 4 6 15 11 20
7 2 3 14
18 1 7
8 1 18
13 1 8
1 2 13 13
6 2 4 1
11 1 6
19 2 8 11
9 1 19
2 20
20 9
12 2 17 6
15 1 14
4 1 3
6 3 10 18 13
18 1 2
10 3 4 4 19
5 1 8
2 1 15
3 1 20
8 2 3 10
7 3 7 12 1
1 2 16 5
14 2 1 17
19 2 12 18
16 1 3
11 2 4 4
9 1 1
20 2 1 16
17 5 15 17 1 5 7
13 2 19 11
1 20
1
1 3 1 3 3
3 0
1 1 2
3 2 1 3
3 0
1 2 3 2
1 2 1 2
2 1 1
3 3 2 1 3
1 2 3 1
1 1 3
2 1 2
1 2 3 1
3 1 1
3 0
2 0
2 0
1 0
2 1 3
1 3 1 1 1
3 20
2 1 3
1 2 3 2
1 0
3 0
2 0
3 3 2 2 2
1 2 3 1
1 1 2
2 2 3 3
1 3 2 3 1
3 0
3 0
1 2 2 3
1 0
1 1 3
3 1 2
1 2 3 1
1 3 3 2 3
3 4 3 2 3 3
1 0
1 1 1
1 1
2
1 3 1 2 3
7 10
1 6 3 3 6 1 3
6 5 6 5 1 5 6
2 4 2 4 2 1
1 3 6 5 1
5 1 6
2 2 4 1
4 2 4 5
1 1 3
1 3 5 4 2
2 2 5 3
1 1 1
2 15
1 3
2 0
3 3 2 2 2
3 1 1
2 2 2 2
3 0
2 0
2 1 2
1 0
1 2 3 1
1 1 3
2 2 3 1
2 1 2
1 0
1 1 1
2 0
10 20
1 2 3 4 5 6 7 8 9 10
10 1 10
3 1 3
1 0
2 0
6 0
9 0
5 1 5
8 1 8
10 0
6 1 6
5 0
7 0
2 1 2
3 0
9 1 9
1 1 1
8 0
7 1 7
4 0
4 1 4
3 19
1 1 1
1 0
1 0
1 0
1 0
1 0
1 0
1 1 1
1 1 1
1 1 1
1 1 1
1 1 1
1 1 1
1 1 1
1 1 1
1 1 1
1 2 1 1
1 2 1 1
1 2 1 1
1 2 1 1
1 1
2
2 0
3 10
2 2 1
1 1 1
2 1 2
2 3 2 1 2
2 1 1
2 1 2
2 2 1 2
1 1 2
1 1 1
1 1 2
1 2 2 2
1 1
2
1 1 1
20 15
2 4 4 2 1 1 3 5 2 3 1 1 1 5 2 4 5 2 5 1
3 1 2
2 2 4 4
4 3 4 4 1
3 0
2 2 5 2
3 1 1
2 0
1 4 4 4 5 2
3 1 3
3 1 3
2 3 3 1 5
4 1 1
3 1 1
2 0
5 0
1 1
2
2 3 1 2 3
1 2
2
2 0
2 1 2
2 15
2 3
2 1 2
3 2 1 1
1 1 1
2 1 2
2 1 3
1 1 3
2 1 1
1 2 3 3
2 1 1
2 2 2 2
1 1 2
1 2 3 2
1 0
3 2 2 2
1 1 1
23 5
4 3 1 2 3 1 2 4 1 3 3 3 4 3 2 4 2 2 3 4 1 4 1
2 0
2 2 3 1
2 1 4
3 2 3 4
3 1 3
3 3
1 1 1
1 0
1 0
1 0
1 4
1
1 0
1 2 1 3
2 0
3 1 2
4 20
4 3 4 2
4 2 4 1
2 1 4
2 2 1 1
1 1 1
4 1 3
3 1 3
2 2 4 4
4 0
2 1 3
4 0
3 2 1 3
1 2 1 1
1 1 3
1 3 3 4 4
3 3 2 1 2
1 2 3 1
1 2 2 3
1 1 3
3 2 4 1
4 1 3
2 9
13 13
13 1 13
13 1 13
13 1 13
13 0
13 0
13 1 13
13 1 13
13 2 13 13
13 0
