25
1 1
2
1 3 1 2 3
3 5
1 2 1
1 2 1 1
2 2 1 1
1 0
2 0
1 2 1 1
3 19
1 1 1
1 0
1 0
1 0
1 0
1 0
1 0
1 1 1
1 1 1
1 1 1
1 1 1
1 1 1
1 1 1
1 1 1
1 1 1
1 1 1
1 2 1 1
1 2 1 1
1 2 1 1
1 2 1 1
2 20
3 3
4 4 2 1 4 2
1 0
3 3 1 4 2
3 2 4 3
1 1 4
1 2 2 4
3 1 2
2 2 3 1
3 5 2 2 4 4 1
4 2 2 1
4 2 4 2
1 1 4
1 2 4 3
3 1 1
3 1 1
2 1 1
4 0
1 0
4 1 3
4 1 2
1 1
2
1 1 1
2 20
1 2
2 2 2 3
4 1 3
4 0
2 1 3
4 2 3 4
3 2 4 3
3 1 1
1 2 3 4
2 3 3 1 4
3 2 1 1
4 1 2
2 1 1
1 1 3
2 0
1 1 1
1 1 3
3 2 4 3
3 2 1 4
2 0
3 5 2 2 3 1 3
3 20
3 3 1
2 2 2 1
3 2 3 3
1 1 3
3 3 2 3 1
3 0
3 0
2 2 2 2
2 1 3
1 1 2
2 2 2 3
3 3 3 1 1
3 2 2 2
2 1 2
1 0
3 1 2
2 1 2
1 3 2 3 2
3 0
3 2 3 3
1 0
2 13
2 2
2 1 2
2 0
2 1 2
2 0
2 2 2 2
2 0
2 0
2 1 2
2 0
2 1 2
2 1 2
2 3 2 2 2
2 0
3 10
2 2 1
2 2 1 1
2 2 1 1
2 0
1 0
1 2 2 2
2 1 1
1 1 1
2 3 1 1 2
2 2 2 1
2 1 2
1 4
1
1 0
1 2 1 3
2 0
3 1 2
1 2
2
2 0
2 1 2
1 20
20
3 1 7
1 2 17 10
19 1 16
18 1 17
12 2 11 6
4 2 4 11
5 6 17 5 10 18 10 4
2 2 14 5
10 1 18
8 1 2
6 2 12 9
16 3 18 3 13
13 1 19
20 4 5 6 1 13
17 2 2 14
14 2 10 12
15 1 1
7 1 15
9 1 5
11 3 4 9 8
4 15
1 2 1 1
2 2 2 1
1 2 1 1
2 1 2
2 1 2
3 3 2 2 1
2 3 2 2 1
2 0
2 0
3 1 3
3 3 2 1 1
1 4 1 2 2 1
3 2 1 3
1 1 3
2 2 1 1
2 2 1 3
2 20
8 20
2 1 20
17 3 6 2 20
11 1 17
5 1 11
13 2 15 5
18 2 13 13
7 1 18
15 2 11 7
14 1 15
10 1 14
12 2 17 10
3 1 12
19 1 3
1 1 19
16 2 4 1
6 1 16
8 1 6
4 1 8
9 2 18 4
20 1 9
3 15
1 1 2
1 0
2 0
1 1 1
1 1 3
2 0
2 2 3 1
3 5 2 1 1 3 3
2 1 2
3 0
2 4 2 3 3 2
3 2 3 1
2 2 3 3
2 1 2
3 2 1 3
3 0
23 5
4 1 3 4 2 3 4 3 4 1 4 2 3 4 2 1 3 1 3 4 4 1 3
1 2 2 4
3 1 1
1 1 1
3 1 4
1 1 4
20 15
4 1 1 1 2 1 3 4 1 4 3 5 2 2 5 4 3 3 3 1
5 0
4 2 5 1
3 1 5
1 2 4 4
4 0
3 1 1
1 2 5 5
1 0
4 2 1 1
1 2 2 1
4 0
4 2 1 4
2 1 2
5 1 3
2 4 2 2 5 1
2 9
13 13
13 1 13
13 2 13 13
13 0
13 0
13 1 13
13 1 13
13 0
13 1 13
13 1 13
4 20
3 2 1 1
1 2 3 2
3 3 2 1 2
1 1 1
2 1 2
2 1 3
2 2 3 2
3 2 2 2
3 0
2 2 1 3
1 0
3 2 2 1
2 1 3
2 0
1 0
1 0
2 3 3 3 1
1 0
1 2 2 3
1 1 3
3 1 3
3 3
1 1 1
1 0
1 0
1 0
2 20
3 3
3 1 3
1 1 2
3 0
2 0
2 2 1 1
3 0
1 2 3 1
2 2 2 3
1 0
2 3 3 2 3
2 1 3
1 0
2 0
2 1 3
1 2 2 2
3 1 2
2 1 1
3 3 2 1 3
3 3 3 2 3
2 3 3 3 2
1 1
2
2 3 1 2 3
1 1
2
2 0
4 10
5 1 6 6
6 1 5
2 3 2 6 1
4 1 6
5 4 5 2 2 5
1 1 6
3 2 5 2
6 3 5 2 3
2 4 6 5 2 3
1 4 2 6 6 4
6 1 5
